image_00000 226 265 244 293
image_00001 226 265 242 292
image_00002 225 265 243 291
image_00003 227 265 244 292
image_00004 227 264 244 294
image_00005 227 260 244 291
image_00006 228 260 246 293
image_00007 227 260 245 290
image_00008 225 261 246 291
image_00009 224 259 247 293
image_00010 223 258 247 291
image_00011 223 258 245 295
image_00012 223 257 247 295
image_00013 223 257 247 299
image_00014 223 257 248 297
image_00015 225 247 258 297
image_00016 223 246 259 297
image_00017 224 244 263 294
image_00018 224 247 262 298
image_00019 223 247 262 300
image_00020 221 248 262 300
image_00021 221 249 262 301
image_00022 219 248 264 303
image_00023 218 246 264 302
image_00024 220 248 263 298
image_00025 221 247 263 299
image_00026 219 247 265 300
image_00027 219 249 263 298
image_00028 220 250 264 298
image_00029 219 244 265 303
image_00030 220 245 264 300
image_00031 235 247 264 300
image_00032 236 245 265 300
image_00033 235 243 264 301
image_00034 238 244 265 304
image_00035 240 244 264 304
image_00036 241 241 260 307
image_00037 243 247 272 299
image_00038 240 248 273 302
image_00039 240 244 269 296
image_00040 239 246 272 303
image_00041 239 246 270 298
image_00042 240 245 271 293
image_00043 242 244 272 291
image_00044 244 240 272 286
image_00045 243 241 272 278
image_00046 246 241 271 278
image_00047 245 240 273 275
image_00048 249 241 272 272
image_00049 246 240 271 270
image_00050 246 241 269 269
image_00051 253 240 272 268
image_00052 254 240 272 266
image_00053 253 242 271 263
image_00054 253 241 269 263
image_00055 253 241 269 262
image_00056 253 242 270 262
image_00057 252 242 271 263
image_00058 252 241 270 262
image_00059 252 241 269 262
image_00060 256 241 270 262
image_00061 256 242 265 257
image_00062 256 244 267 260
image_00063 253 241 264 259
